Gene	Exonic	Mature	Premature
SPAC1002.01	294	0	7
SPAC1006.08	1499	77	12
SPAC1071.08	11226	630	13
SPAC10F6.02c	2266	21	2
SPAC10F6.03c	13087	531	7
SPAC10F6.04	2381	158	0
SPAC10F6.09c	2045	35	1
SPAC110.04c	42496	462	3
SPAC110.05	201	2	6
SPAC1142.01	3655	5	20
SPAC1142.07c	2459	272	5
SPAC11D3.04c	3491	26	7
SPAC11D3.17	1702	15	120
SPAC11D3.18c	995	3	2
SPAC11E3.02c	2122	23	2
SPAC11E3.09	1800	110	68
SPAC11H11.01	663	18	4
SPAC11H11.05c	377	84	10
SPAC11H11.06	8102	666	4
SPAC1250.01	2356	35	1
SPAC1250.02	288	1	100
SPAC1250.05	3111	444	272
SPAC1296.02	4682	786	15
SPAC1296.05c	1358	84	9
SPAC12B10.06c	1550	241	28
SPAC12B10.14c	1673	37	2
SPAC12B10.16c	3150	77	12
SPAC12G12.07c	7198	265	9
SPAC12G12.17	674	104	25
SPAC1399.05c	948	24	3
SPAC13A11.01c	5236	190	3
SPAC13A11.03	756	139	35
SPAC13C5.06c	365	0	6
SPAC13D6.03c	1932	121	7
SPAC13F5.02c	2776	161	5
SPAC13F5.07c	201	11	32
SPAC13G6.09	2779	150	9
SPAC13G6.11c	3758	210	20
SPAC13G6.12c	1047	16	30
SPAC1420.01c	4786	79	27
SPAC1420.03	1012	2	0
SPAC144.01	1474	187	17
SPAC144.08	684	0	0
SPAC144.09c	4	0	0
SPAC144.14	111	0	0
SPAC144.15c	1043	7	33
SPAC1486.01	5030	450	12
SPAC1486.05	4436	25	26
SPAC1486.06	3216	134	3
SPAC1486.08	1704	233	26
SPAC1486.09	4852	230	10
SPAC1486.11	570	71	52
SPAC14C4.10c	443	10	8
SPAC14C4.11	8500	158	12
SPAC14C4.15c	1922	33	0
SPAC14C4.16	1011	85	29
SPAC1556.02c	14518	372	8
SPAC1556.07	15225	1186	33
SPAC1565.02c	1657	44	4
SPAC1565.04c	715	54	8
SPAC1565.07c	1110	20	0
SPAC1565.08	30475	998	2
SPAC15A10.12c	1310	132	29
SPAC15E1.03	69226	3100	48
SPAC15E1.06	2133	319	16
SPAC15F9.01c	48	2	6
SPAC16.03c	2409	91	13
SPAC16.04	3689	157	5
SPAC1635.01	12754	685	7
SPAC167.01	1651	42	2
SPAC1687.02	4430	569	3
SPAC1687.04	912	12	22
SPAC1687.05	23578	60	1
SPAC1687.10	2181	60	2
SPAC16A10.02	3171	203	91
SPAC16A10.08c	521	23	52
SPAC16E8.01	3193	23	6
SPAC16E8.03	158	46	6
SPAC16E8.04c	2613	128	5
SPAC16E8.05c	423	2	77
SPAC16E8.06c	5532	273	3
SPAC16E8.08	852	44	10
SPAC16E8.09	1352	26	0
SPAC16E8.10c	2364	295	10
SPAC16E8.16	1861	47	144
SPAC16E8.18c	1074	133	37
SPAC1782.02c	2381	304	10
SPAC1782.04	3318	278	39
SPAC1782.09c	1036	38	1
SPAC1782.11	14630	1375	58
SPAC1783.04c	2272	95	7
SPAC1786.03	1315	39	1
SPAC17A2.03c	5206	244	2
SPAC17A2.05	2779	100	12
SPAC17A2.07c	142	17	4
SPAC17A2.13c	9474	757	87
SPAC17A5.01	1805	43	4
SPAC17A5.04c	947	33	14
SPAC17A5.08	5159	505	11
SPAC17A5.19	125	17	1
SPAC17C9.02c	698	29	4
SPAC17C9.06	2723	102	8
SPAC17C9.14	2074	196	48
SPAC17C9.16c	2485	122	9
SPAC17D4.02	2354	142	18
SPAC17G6.06	31266	8931	65
SPAC17G8.01c	2706	0	53
SPAC17G8.08c	6012	372	51
SPAC17G8.11c	692	5	0
SPAC17H9.09c	3362	277	32
SPAC17H9.16	5769	674	16
SPAC1805.02c	6471	311	66
SPAC1805.04	2695	64	0
SPAC1805.07c	481	79	14
SPAC1805.11c	28339	6384	47
SPAC1805.13	43862	10462	92
SPAC1805.17	3224	26	4
SPAC1834.08	2067	19	4
SPAC1834.10c	1579	222	39
SPAC1851.02	5955	443	7
SPAC186.08c	23	0	0
SPAC18B11.03c	1711	51	4
SPAC18G6.04c	4672	200	32
SPAC18G6.05c	3746	19	0
SPAC18G6.11c	4289	66	37
SPAC18G6.15	2979	192	82
SPAC1952.01	1295	53	2
SPAC1952.03	2227	180	9
SPAC1952.08c	3970	305	6
SPAC1952.10c	944	35	10
SPAC1952.14c	1616	173	4
SPAC1952.15c	621	1	23
SPAC19A8.02	1608	33	2
SPAC19A8.04	13886	575	35
SPAC19A8.16	112	25	23
SPAC19B12.04	12288	8184	35
SPAC19B12.08	453	22	7
SPAC19B12.11c	4118	319	42
SPAC19D5.10c	91	0	0
SPAC19D5.11c	989	57	63
SPAC19E9.01c	2203	108	11
SPAC19G12.03	2018	58	28
SPAC19G12.08	4730	200	10
SPAC1A6.01c	5449	57	3
SPAC1A6.06c	327	0	17
SPAC1A6.09c	5650	171	14
SPAC1B1.01	2262	185	5
SPAC1B2.03c	1288	45	0
SPAC1B2.04	5233	709	12
SPAC1B3.11c	604	49	15
SPAC1B3.13	6521	56	1
SPAC1B3.20	0	0	0
SPAC1D4.03c	792	34	5
SPAC1D4.05c	13888	973	4
SPAC1D4.08	3646	318	100
SPAC1D4.10	1694	37	2
SPAC1D4.14	1728	18	0
SPAC1F12.06c	2791	42	13
SPAC1F3.01	4452	101	5
SPAC1F3.04c	2089	175	52
SPAC1F3.07c	2073	113	1
SPAC1F5.03c	5501	198	7
SPAC1F5.11c	1618	3	0
SPAC1F7.04	14630	767	24
SPAC1F7.05	15744	173	9
SPAC1F8.07c	134901	5	5049
SPAC20G4.09	5	35	18
SPAC20H4.04	2361	485	139
SPAC20H4.07	1637	104	20
SPAC20H4.11c	378	24	4
SPAC212.01c	1	0	0
SPAC212.04c	157	12	2
SPAC212.06c	30	0	0
SPAC21E11.07	1400	67	23
SPAC222.03c	2701	666	60
SPAC222.05c	2050	106	11
SPAC222.06	4113	509	5
SPAC222.09	3940	58	14
SPAC222.17	723	141	22
SPAC222.19	806	189	8
SPAC227.09	2021	4	5
SPAC227.12	1854	62	1
SPAC227.19c	449	73	59
SPAC22A12.10	7027	463	33
SPAC22A12.16	19564	1072	10
SPAC22E12.01	954	37	1
SPAC22E12.02	478	73	6
SPAC22E12.03c	0	0	0
SPAC22E12.05c	5385	397	20
SPAC22E12.06c	1885	1	2
SPAC22E12.08	1547	112	26
SPAC22E12.10c	5944	49	395
SPAC22E12.18	2513	207	4
SPAC22F3.09c	1019	26	2
SPAC22F3.10c	6594	193	5
SPAC22F3.15	558	291	32
SPAC22F8.09	5634	266	10
SPAC22G7.05	5554	269	29
SPAC22G7.08	929	123	2
SPAC22H10.05c	4734	248	5
SPAC22H10.07	1216	25	1
SPAC22H10.08	2278	127	0
SPAC22H10.12c	5685	162	22
SPAC23A1.03	9389	1800	121
SPAC23A1.04c	1406	16	18
SPAC23A1.11	29742	5189	5
SPAC23A1.12c	5342	184	3
SPAC23A1.19c	1851	38	25
SPAC23A1.20	726	0	71
SPAC23C11.13c	7024	648	41
SPAC23C11.17	4995	248	5
SPAC23C4.04c	322	150	14
SPAC23C4.05c	2040	106	3
SPAC23D3.02	2680	154	13
SPAC23D3.06c	2676	43	1
SPAC23D3.08	0	0	0
SPAC23D3.09	11	0	0
SPAC23G3.01	6579	69	2
SPAC23G3.02c	1967	5	3
SPAC23G3.03	1118	15	6
SPAC23G3.07c	983	38	11
SPAC23H3.06	4032	388	1
SPAC23H3.08c	793	79	14
SPAC23H3.13c	1179	28	15
SPAC23H4.02	848	34	33
SPAC23H4.03c	5564	485	19
SPAC23H4.07c	2402	246	5
SPAC23H4.11c	890	76	47
SPAC23H4.12	2671	0	9
SPAC23H4.13c	357	93	17
SPAC23H4.17c	614	38	1
SPAC23H4.21	47	0	0
SPAC24B11.12c	2493	17	0
SPAC24C9.02c	2968	276	133
SPAC24C9.06c	18412	384	28
SPAC24C9.08	4717	96	2
SPAC24C9.13c	860	155	11
SPAC24H6.02c	867	119	17
SPAC24H6.05	1227	10	2
SPAC24H6.06	1529	46	3
SPAC24H6.07	39890	1872	31
SPAC24H6.09	2559	56	7
SPAC25B8.06c	2608	54	2
SPAC25B8.11	3464	90	4
SPAC25B8.20	1382	51	199
SPAC25G10.03	8053	222	2
SPAC25G10.05c	13710	769	19
SPAC25G10.06	14517	7635	98
SPAC25H1.03	449	32	15
SPAC26A3.08	3861	485	5
SPAC26A3.11	2612	191	19
SPAC26A3.15c	7684	62	5
SPAC26F1.08c	1245	15	4
SPAC26H5.09c	5839	218	12
SPAC26H5.11	2502	45	13
SPAC26H5.13c	3056	94	8
SPAC27E2.03c	13376	446	37
SPAC27E2.05	1604	96	7
SPAC27E2.12	27	0	13
SPAC27E2.14	400	22	106
SPAC27F1.02c	13449	1095	15
SPAC29A4.02c	41416	2360	74
SPAC29A4.03c	3849	0	368
SPAC29A4.06c	1332	68	7
SPAC29A4.17c	508	20	6
SPAC29A4.20	2604	117	7
SPAC29B12.08	3725	36	19
SPAC29E6.04	0	0	0
SPAC29E6.05c	1384	86	151
SPAC2C4.05	9570	934	13
SPAC2C4.11c	4701	560	9
SPAC2E12.02	4256	102	3
SPAC2F3.04c	2458	334	11
SPAC2F3.06c	5006	98	0
SPAC2F3.11	4978	297	241
SPAC2F7.15	2808	300	33
SPAC2G11.02	2491	66	5
SPAC2G11.08c	549	83	5
SPAC2G11.09	1586	45	18
SPAC2H10.02c	1153	119	49
SPAC30.02c	2499	143	14
SPAC30D11.02c	32	1	5
SPAC30D11.04c	3444	71	0
SPAC30D11.08c	2530	78	7
SPAC31A2.03	3626	339	4
SPAC31A2.07c	4107	105	14
SPAC31A2.13c	719	110	5
SPAC31A2.14	2471	34	1
SPAC31G5.01	2844	139	1
SPAC31G5.05c	8489	496	43
SPAC31G5.06	146	7	11
SPAC31G5.16c	6013	575	19
SPAC31G5.17c	23297	3148	43
SPAC31G5.19	1724	9	5
SPAC323.01c	1420	53	28
SPAC323.07c	3331	140	3
SPAC328.01c	2656	19	0
SPAC328.06	2855	79	8
SPAC328.07c	1854	87	0
SPAC328.09	2329	108	39
SPAC328.10c	33856	4432	128
SPAC32A11.04c	22778	1872	10
SPAC343.01c	46	0	0
SPAC343.17c	12818	24	3
SPAC343.18	1152	90	9
SPAC3A11.02	2740	70	14
SPAC3A11.09	2266	41	4
SPAC3A11.12c	4919	129	5
SPAC3A12.13c	7244	372	13
SPAC3A12.14	8549	747	22
SPAC3A12.16c	5279	408	19
SPAC3A12.18	7937	238	10
SPAC3A12.19	422	45	19
SPAC3C7.03c	463	13	24
SPAC3C7.11c	15524	0	5
SPAC3F10.04	5202	8	110
SPAC3F10.06c	303	31	18
SPAC3F10.10c	2875	359	3
SPAC3F10.16c	6646	134	5
SPAC3F10.17	3936	146	6
SPAC3F10.18c	3727	8910	69
SPAC3G6.13c	14739	14163	84
SPAC3G9.03	31637	7900	53
SPAC3G9.04	711	104	19
SPAC3G9.16c	683	73	13
SPAC3H1.01c	2397	74	2
SPAC3H1.04c	2771	67	98
SPAC3H1.05	6988	354	9
SPAC3H1.08c	1140	104	14
SPAC3H5.06c	1405	22	2
SPAC3H5.07	29020	4292	49
SPAC3H8.03	1509	269	17
SPAC4A8.02c	1540	59	7
SPAC4A8.09c	2271	115	82
SPAC4A8.12c	2102	104	80
SPAC4A8.14	5016	214	15
SPAC4D7.01c	1614	10	0
SPAC4D7.02c	1023	50	22
SPAC4D7.06c	3114	158	237
SPAC4D7.08c	14158	397	54
SPAC4D7.12c	2849	231	6
SPAC4D7.14	980	116	146
SPAC4F10.02	2522	82	49
SPAC4F10.03c	2091	118	16
SPAC4F10.04	1603	70	17
SPAC4F10.13c	4694	44	3
SPAC4F10.14c	37938	9069	141
SPAC4F10.16c	2099	24	16
SPAC4F10.19c	881	81	11
SPAC4F8.03	4681	295	11
SPAC4G8.04	1583	39	2
SPAC4G9.04c	11705	59	3
SPAC4G9.12	3	0	0
SPAC4G9.13c	1332	102	18
SPAC4G9.17c	2375	159	11
SPAC4G9.20c	2051	155	13
SPAC4H3.02c	1163	66	1
SPAC4H3.13	878	180	43
SPAC4H3.14c	2433	101	19
SPAC513.03	57	25	0
SPAC56E4.04c	12695	58	1
SPAC56E4.05	2574	248	6
SPAC56F8.04c	1356	0	96
SPAC56F8.06c	556	12	3
SPAC56F8.08	4568	319	8
SPAC57A10.04	338	4	14
SPAC57A10.06	67	2	3
SPAC57A10.10c	13532	1200	10
SPAC57A10.11c	3564	306	1
SPAC57A7.06	7279	167	2
SPAC57A7.12	15844	391	7
SPAC57A7.15c	452	84	8
SPAC589.03c	1072	89	98
SPAC589.04	1400	155	11
SPAC589.06c	15217	1790	36
SPAC589.11	157	17	13
SPAC589.12	4183	41	20
SPAC5D6.01	20164	2462	1507
SPAC5D6.06c	1118	111	8
SPAC5D6.08c	617	33	1
SPAC607.03c	17368	7260	27
SPAC607.05	7303	403	29
SPAC631.02	3904	91	24
SPAC644.04	4916	134	7
SPAC644.08	2018	176	37
SPAC644.10	1385	0	163
SPAC644.15	14013	4089	51
SPAC644.16	4149	232	9
SPAC652.01	3067	106	44
SPAC664.03	4554	133	19
SPAC664.04c	27183	4089	37
SPAC664.06	11220	778	32
SPAC664.10	1768	40	2
SPAC664.12c	1663	105	11
SPAC688.03c	495	34	13
SPAC688.06c	860	21	17
SPAC688.09	1895	95	10
SPAC688.16	1216	293	6
SPAC694.03	775	50	47
SPAC694.04c	223	0	12
SPAC6B12.08	2371	19	40
SPAC6B12.10c	1431	59	13
SPAC6B12.13	2964	151	142
SPAC6B12.16	134	0	12
SPAC6C3.03c	242	1	0
SPAC6C3.04	10285	0	6
SPAC6C3.08	983	92	4
SPAC6F12.09	1998	14	8
SPAC6F12.11c	1588	65	4
SPAC6F12.16c	6477	3	3
SPAC6F12.17	4278	113	4
SPAC6F6.03c	10364	431	40
SPAC6F6.05	5242	694	16
SPAC6F6.09	1113	96	11
SPAC6F6.10c	4172	310	10
SPAC6F6.19	559	61	51
SPAC6G10.07	4490	103	1
SPAC6G10.09	6392	204	16
SPAC6G9.05	1163	63	4
SPAC6G9.11	9491	1009	6
SPAC6G9.13c	268	6	64
SPAC6G9.14	4095	88	5
SPAC750.06c	16	0	0
SPAC767.01c	5167	145	6
SPAC7D4.09c	1399	5	10
SPAC7D4.13c	1463	103	6
SPAC806.02c	3624	60	5
SPAC806.05	3731	14	0
SPAC806.08c	965	20	9
SPAC823.02	24	0	0
SPAC823.03	2272	67	6
SPAC823.05c	2301	128	15
SPAC823.10c	1085	67	5
SPAC823.15	2163	82	46
SPAC823.17	2110	2	0
SPAC824.07	3402	172	106
SPAC890.04c	7139	254	19
SPAC890.08	49186	16319	66
SPAC8C9.03	84	0	0
SPAC8C9.08	49276	8139	69
SPAC8E11.02c	21713	1924	34
SPAC8E11.03c	651	0	65
SPAC8F11.03	2331	49	12
SPAC8F11.05c	361	15	63
SPAC8F11.09c	2290	143	51
SPAC8F11.10c	5949	245	6
SPAC9.02c	3904	512	26
SPAC9.11	505	24	3
SPAC9.12c	210	0	0
SPAC922.03	1945	7	117
SPAC926.02	1861	18	2
SPAC926.05c	1101	139	26
SPAC959.05c	634	16	1
SPAC977.06	1	0	0
SPAC977.09c	0	0	0
SPAC977.10	3417	211	26
SPAC977.16c	1313	0	32
SPAC9E9.01	53	0	0
SPAC9E9.04	2835	195	7
SPAC9E9.06c	4360	103	19
SPAC9E9.13	29275	2060	40
SPAC9G1.03c	44549	9407	86
SPAC9G1.06c	5864	827	8
SPAC9G1.09	512	19	11
SPAC9G1.10c	0	0	0
SPAC9G1.11c	3011	0	0
SPACUNK4.06c	3349	307	14
SPACUNK4.11c	1109	79	5
SPACUNK4.15	853	54	0
SPAP14E8.02	7104	196	39
SPAP27G11.03	1520	113	8
SPAP27G11.04c	2031	101	6
SPAP27G11.07c	1344	86	21
SPAP27G11.08c	200	0	31
SPAP27G11.10c	3317	20	1
SPAP27G11.11c	4	0	7
SPAP27G11.13c	3872	2188	25
SPAP27G11.15	37	0	0
SPAP32A8.03c	2934	111	20
SPAP4C9.02	1495	196	12
SPAP7G5.03	10475	9	2
SPAP8A3.07c	24415	910	18
SPAP8A3.10	1930	292	31
SPAP8A3.11c	1176	48	4
SPAPB17E12.05	25240	4134	49
SPAPB17E12.07c	1402	170	17
SPAPB17E12.09	359	0	76
SPAPB17E12.13	27616	57	396
SPAPB18E9.02c	2520	46	2
SPAPB1A10.03	343	300	1
SPAPB1A10.04c	2184	137	160
SPAPB1A10.06c	2493	28	3
SPAPB1A10.07c	1294	31	12
SPAPB1A10.08	1095	21	12
SPAPB1A10.09	1830	30	4
SPAPB1A10.12c	2279	70	28
SPAPB1A10.16	1835	243	2
SPAPB1A11.02	8	0	3
SPAPB1E7.03	3499	116	27
SPAPB1E7.11c	3948	47	7
SPAPB21F2.03	1759	96	59
SPAPB24D3.05c	257	0	72
SPAPB2B4.02	4259	301	22
SPAPB8E5.02c	2049	1	0
SPAPB8E5.09	6774	330	3
SPAPJ760.02c	1675	50	1
SPATRNALYS.04	0	0	0
SPATRNASER.03	1	0	1
SPBC106.04	2970	70	10
SPBC106.18	22755	4666	67
SPBC1105.08	2045	51	15
SPBC1105.10	1965	11	5
SPBC1105.14	912	0	6
SPBC1105.15c	1156	2	15
SPBC115.01c	2194	147	29
SPBC115.03	2007	22	2
SPBC119.10	30311	402	9
SPBC119.17	4740	105	2
SPBC119.18	1882	282	143
SPBC1198.07c	871	21	3
SPBC1198.08	13450	546	19
SPBC1198.09	3180	128	31
SPBC1198.12	460	0	60
SPBC11B10.06	1109	41	78
SPBC11C11.07	57072	2025	64
SPBC11C11.10	4583	181	70
SPBC11G11.01	3063	145	74
SPBC11G11.03	11891	783	19
SPBC11G11.07	2379	35	2
SPBC1215.01	4419	738	4
SPBC1271.02	7569	200	8
SPBC1271.03c	1278	85	38
SPBC1271.09	431	0	19
SPBC1271.13	2855	200	27
SPBC1289.04c	3178	63	7
SPBC1289.06c	4700	188	13
SPBC1289.12	2058	98	3
SPBC12C2.08	1876	34	0
SPBC12C2.10c	1885	17	0
SPBC12D12.05c	3580	134	4
SPBC12D12.07c	3305	327	5
SPBC1347.03	665	6	36
SPBC1347.08c	3356	397	3
SPBC1348.01	2	1	0
SPBC1348.07	5	0	0
SPBC1348.10c	0	0	0
SPBC13E7.01	3012	0	130
SPBC13E7.05	1233	36	8
SPBC13E7.08c	9255	208	23
SPBC13G1.01c	2889	170	4
SPBC13G1.03c	1597	116	12
SPBC13G1.04c	2389	134	22
SPBC13G1.06c	3166	432	16
SPBC13G1.09	5037	198	16
SPBC13G1.11	3206	382	4
SPBC13G1.13	2419	105	1
SPBC146.05c	2225	77	10
SPBC146.08c	2389	175	7
SPBC146.13c	8030	88	2
SPBC14C8.06	8162	503	15
SPBC14C8.09c	0	0	0
SPBC14C8.10	5424	723	0
SPBC14C8.14c	4425	90	1
SPBC14C8.17c	1933	55	16
SPBC14F5.06	11510	373	15
SPBC14F5.08	13202	91	9
SPBC14F5.11c	2125	84	11
SPBC14F5.13c	3203	90	17
SPBC1539.04	4106	247	10
SPBC1539.06	7918	2459	56
SPBC1539.10	3799	460	16
SPBC15C4.03	2432	115	5
SPBC15D4.06	765	81	44
SPBC15D4.10c	2736	119	57
SPBC15D4.12c	300	10	63
SPBC15D4.14	2621	95	16
SPBC1604.07	7921	483	3
SPBC1604.09c	1896	150	13
SPBC1604.11	4944	1129	9
SPBC1604.25	1395	146	18
SPBC1677.02	2370	652	28
SPBC1683.02	755	18	36
SPBC1685.02c	30843	5100	32
SPBC1685.06	230	2	8
SPBC1685.15c	2078	63	4
SPBC16A3.15c	12508	540	2
SPBC16C6.01c	1513	19	250
SPBC16C6.05	2931	406	16
SPBC16C6.06	2233	18	1
SPBC16C6.10	1029	44	38
SPBC16C6.13c	7331	126	4
SPBC16D10.03	3782	212	20
SPBC16D10.05	1750	5	5
SPBC16D10.09	7485	634	12
SPBC16D10.11c	20431	3922	12
SPBC16E9.11c	2217	26	12
SPBC16E9.17c	46	0	6
SPBC16G5.01	6088	430	11
SPBC16G5.04	2368	311	9
SPBC16G5.10	5693	256	6
SPBC16G5.14c	45221	6221	55
SPBC16G5.15c	1695	49	0
SPBC16H5.07c	14976	217	10
SPBC16H5.08c	15604	519	5
SPBC1703.01c	2514	174	18
SPBC1703.02	2633	49	4
SPBC1703.03c	4818	150	7
SPBC1703.05	4445	306	11
SPBC1703.06	3228	63	2
SPBC1703.09	924	73	13
SPBC1709.01	1079	15	1
SPBC1709.10c	2059	243	126
SPBC1709.15c	2110	55	13
SPBC1711.08	6062	303	43
SPBC1711.09c	1925	110	18
SPBC1711.14	0	0	0
SPBC1711.15c	158	127	40
SPBC1718.04	3084	61	10
SPBC1734.05c	1432	96	17
SPBC1734.07c	3805	11	208
SPBC1734.10c	2970	154	34
SPBC1734.13	8135	494	7
SPBC1734.16c	3361	114	1
SPBC1773.16c	1132	10	19
SPBC1778.03c	1958	56	22
SPBC1778.05c	2912	86	8
SPBC1778.07	2689	169	25
SPBC17A3.07	10140	524	18
SPBC17A3.10	1494	79	5
SPBC17D11.02c	2216	48	3
SPBC17D11.05	24318	425	3
SPBC17D11.07c	9091	150	5
SPBC17G9.07	51048	9555	32
SPBC1861.03	2499	68	4
SPBC1861.08c	3177	29	390
SPBC18E5.03c	1716	70	24
SPBC18E5.05c	1636	81	16
SPBC18E5.06	40441	22938	130
SPBC18E5.10	0	0	0
SPBC18E5.11c	19	0	0
SPBC18E5.15	141	0	27
SPBC18H10.02	11469	299	16
SPBC18H10.03	17031	951	4
SPBC18H10.07	2041	194	19
SPBC18H10.12c	51904	4747	34
SPBC18H10.14	26804	3831	42
SPBC18H10.15	1379	67	8
SPBC18H10.18c	568	26	1
SPBC1921.01c	14520	2631	96
SPBC1921.02	2030	137	9
SPBC1921.07c	2521	252	32
SPBC19C2.02	965	60	30
SPBC19C2.03	2580	882	96
SPBC19C2.08	906	83	23
SPBC19C2.10	1890	40	32
SPBC19C7.01	1379	118	30
SPBC19F5.01c	404	2	11
SPBC19F5.04	13527	553	82
SPBC19F8.03c	2860	78	0
SPBC19G7.07c	3993	146	13
SPBC19G7.15	5273	349	2
SPBC1A4.03c	4512	35	0
SPBC1A4.07c	3168	176	3
SPBC1E8.02	2030	0	76
SPBC1E8.04	51	0	0
SPBC21.04	3918	88	10
SPBC21.07c	576	24	5
SPBC211.01	407	80	11
SPBC211.02c	378	0	0
SPBC211.08c	2894	232	3
SPBC215.04	350	37	6
SPBC215.06c	1824	124	9
SPBC215.09c	10070	457	6
SPBC215.15	5171	543	4
SPBC216.01c	2325	40	7
SPBC216.06c	2946	25	1
SPBC21B10.08c	11011	1285	12
SPBC21B10.11	509	64	3
SPBC21B10.12	665	36	86
SPBC21B10.14	829	187	24
SPBC21B10.15	735	90	9
SPBC21C3.03	1851	40	7
SPBC21C3.09c	1657	88	14
SPBC21C3.10c	1500	0	1
SPBC21C3.13	22850	8033	48
SPBC21C3.17c	2539	263	0
SPBC21D10.07	2	0	0
SPBC21D10.08c	22	0	0
SPBC21D10.09c	2929	39	3
SPBC21D10.12	7779	442	11
SPBC21H7.06c	491	58	0
SPBC23E6.03c	2294	27	8
SPBC23E6.08	2620	50	12
SPBC23G7.05	15373	2708	26
SPBC23G7.06c	1643	0	37
SPBC23G7.12c	4703	433	1
SPBC23G7.15c	34791	2320	20
SPBC244.01c	4877	49	5
SPBC24C6.02	2882	83	4
SPBC24C6.04	22668	931	4
SPBC24C6.05	4526	493	8
SPBC24C6.13	480	93	4
SPBC25B2.03	3156	92	17
SPBC25B2.04c	987	50	34
SPBC25B2.06c	3658	245	16
SPBC25B2.07c	1756	0	82
SPBC25D12.02c	1617	18	5
SPBC25H2.02	13008	312	48
SPBC26H8.08c	11619	380	10
SPBC26H8.10	3852	93	1
SPBC26H8.13c	1180	107	5
SPBC26H8.16	1172	277	7
SPBC27.06c	2946	478	22
SPBC28F2.04c	2971	276	51
SPBC28F2.11	9052	385	26
SPBC29A10.04	2053	31	4
SPBC29A10.12	3232	293	2
SPBC29A10.15	2479	61	3
SPBC29A3.03c	803	17	4
SPBC29A3.04	72899	1929	1370
SPBC29A3.06	4296	0	184
SPBC29A3.07c	1115	129	26
SPBC29A3.17	574	17	0
SPBC29A3.18	9929	412	35
SPBC29B5.01	2201	34	3
SPBC2A9.03	538	6	32
SPBC2A9.05c	2192	129	35
SPBC2A9.06c	1473	96	5
SPBC2A9.10	1617	47	7
SPBC2A9.12	1101	59	1
SPBC2A9.13	0	0	0
SPBC2A9.14	194	0	23
SPBC2D10.05	1948	67	13
SPBC2D10.13	1018	30	10
SPBC2F12.10	3009	2	0
SPBC2F12.13	2232	57	4
SPBC2F12.14c	35192	1446	51
SPBC2F12.15c	1250	71	10
SPBC2G2.01c	0	0	0
SPBC2G2.05	5476	698	43
SPBC2G2.08	5033	84	11
SPBC2G2.10c	456	26	0
SPBC2G2.16	5942	276	40
SPBC30B4.05	3819	103	3
SPBC30B4.07c	801	72	6
SPBC30D10.02	2408	284	10
SPBC30D10.04	831	89	41
SPBC30D10.16	2282	283	44
SPBC30D10.18c	11950	1025	877
SPBC30D10.21	468	153	50
SPBC31E1.01c	747	14	3
SPBC31E1.04	2436	134	50
SPBC31E1.05	1684	66	3
SPBC31E1.06	6986	111	0
SPBC31F10.05	4380	4	49
SPBC31F10.08	886	4	120
SPBC31F10.15c	2810	1297	13
SPBC31F10.17c	1911	403	24
SPBC32F12.01c	1338	32	4
SPBC32F12.02	1344	76	3
SPBC32H8.05	4158	1037	23
SPBC336.01	1710	39	3
SPBC336.02	3409	264	4
SPBC336.04	2572	41	1
SPBC336.06c	1980	88	23
SPBC336.09c	2203	72	17
SPBC336.15	1798	47	9
SPBC337.02c	2871	0	307
SPBC337.04	941	44	4
SPBC337.06c	1188	123	4
SPBC337.16	3537	280	5
SPBC354.08c	757	0	5
SPBC354.12	2494	145	3
SPBC36.04	2976	176	15
SPBC36.11	2037	50	7
SPBC365.10	4765	111	11
SPBC365.13c	3206	0	0
SPBC36B7.07	5028	1034	29
SPBC36B7.09	2585	21	1
SPBC3B8.01c	3710	130	39
SPBC3B8.05	2316	109	1
SPBC3B8.06	1801	26	28
SPBC3B8.08	619	87	6
SPBC3B8.10	672	419	13
SPBC3B9.12	889	1162	27
SPBC3B9.15c	2849	29	3
SPBC3B9.17	662	123	15
SPBC3B9.18c	3047	297	34
SPBC3B9.21	667	95	29
SPBC3B9.22c	3080	1643	69
SPBC3D6.04c	1157	30	5
SPBC3D6.06c	6171	336	193
SPBC3D6.10	2194	11	37
SPBC3D6.16	131	0	51
SPBC3E7.13c	954	14	91
SPBC3E7.14	0	0	0
SPBC3E7.15c	4102	327	5
SPBC3F6.03	13445	648	24
SPBC3F6.04c	5557	158	5
SPBC3H7.06c	949	26	7
SPBC3H7.07c	4155	137	4
SPBC3H7.10	2373	52	56
SPBC3H7.11	1860	110	16
SPBC3H7.15	9287	357	87
SPBC4.01	169	0	15
SPBC4.04c	1779	41	17
SPBC4.07c	9218	436	0
SPBC405.01	9609	219	16
SPBC405.07	20069	6412	69
SPBC409.06	4262	272	71
SPBC409.08	3822	0	198
SPBC409.13	3064	436	34
SPBC409.15	5185	674	17
SPBC409.18	0	0	0
SPBC409.19c	1148	6	43
SPBC409.20c	7513	527	9
SPBC409.23	443	146	22
SPBC418.01c	11041	374	18
SPBC428.19c	5437	228	11
SPBC4B4.04	6917	242	17
SPBC4B4.11	1989	121	44
SPBC4C3.06	2456	77	3
SPBC4F6.04	12748	2488	71
SPBC4F6.10	5906	1	116
SPBC4F6.12	786	20	4
SPBC4F6.16c	4370	133	48
SPBC4F6.18c	37208	2074	68
SPBC530.04	1375	37	9
SPBC530.09c	2048	93	8
SPBC56F2.01	1826	85	29
SPBC56F2.10c	1774	68	24
SPBC56F2.11	8202	186	225
SPBC56F2.14	756	179	57
SPBC577.03c	13979	8917	73
SPBC577.04	1181	136	7
SPBC577.08c	3800	251	13
SPBC577.12	2877	95	4
SPBC577.14c	2530	0	177
SPBC582.03	6473	121	5
SPBC582.10c	1359	37	3
SPBC609.01	151	1	1
SPBC609.05	4747	163	4
SPBC646.09c	15712	713	2
SPBC646.12c	12155	1724	0
SPBC646.13	6413	267	165
SPBC649.02	19163	3299	83
SPBC649.05	1150	27	6
SPBC651.05c	977	44	23
SPBC651.08c	2397	17	1
SPBC660.08	2282	96	14
SPBC660.10	1005	11	1
SPBC660.13c	5441	308	18
SPBC660.14	1276	20	5
SPBC660.17c	1248	132	5
SPBC685.05	271	42	11
SPBC685.06	26718	2571	8
SPBC685.07c	21269	4771	24
SPBC685.08	493	49	17
SPBC691.05c	1494	42	9
SPBC6B1.06c	2659	59	3
SPBC6B1.12c	819	207	13
SPBC713.03	6342	92	1
SPBC713.09	2453	153	9
SPBC713.10	2237	185	17
SPBC713.11c	11051	1537	8
SPBC725.04	1441	30	5
SPBC725.09c	9676	955	32
SPBC725.16	2936	82	17
SPBC725.17c	1019	137	9
SPBC776.01	21738	9307	50
SPBC776.02c	10495	450	15
SPBC776.03	9883	748	10
SPBC776.06c	1172	24	18
SPBC776.07	4350	432	28
SPBC776.08c	2816	55	2
SPBC776.16	1109	0	3
SPBC776.17	2782	234	28
SPBC800.02	137	0	2
SPBC800.04c	27764	6782	62
SPBC800.08	3900	164	22
SPBC83.02c	21599	5355	48
SPBC83.04	276	18	6
SPBC83.07	2204	53	5
SPBC83.08	8175	454	17
SPBC83.09c	992	47	3
SPBC83.11	1539	36	0
SPBC83.18c	2089	194	5
SPBC839.03c	1855	0	3
SPBC839.05c	38843	5924	51
SPBC839.08c	4206	85	6
SPBC839.09c	1823	235	18
SPBC839.13c	14484	2897	13
SPBC839.14c	606	46	25
SPBC839.19	297	34	188
SPBC887.03c	4406	171	2
SPBC887.05c	1808	103	23
SPBC887.08	972	136	8
SPBC887.11	1783	37	140
SPBC887.14c	3399	92	3
SPBC8D2.05c	1516	24	1
SPBC8D2.09c	369	29	2
SPBC8D2.14c	4192	424	18
SPBC8D2.16c	3830	216	15
SPBC8D2.17	6136	185	10
SPBC902.06	1777	32	59
SPBC947.03c	5636	115	65
SPBC947.10	2047	78	13
SPBC947.14c	1716	285	82
SPBC9B6.04c	5925	237	0
SPBC9B6.11c	7601	300	11
SPBCPT2R1.01c	1	0	0
SPBCPT2R1.04c	32	0	0
SPBCPT2R1.06c	2	0	0
SPBP18G5.03	2402	63	1
SPBP19A11.03c	8727	123	2
SPBP22H7.04	1572	6	119
SPBP22H7.08	15174	5053	70
SPBP23A10.02	30	0	0
SPBP23A10.03c	462	0	0
SPBP23A10.10	2354	26	22
SPBP23A10.17	3114	155	16
SPBP35G2.02	2151	2	0
SPBP35G2.03c	0	0	0
SPBP35G2.11c	1629	36	4
SPBP4H10.15	18326	98	41
SPBP4H10.19c	848	38	21
SPBP8B7.04	575	30	9
SPBP8B7.06	20770	1120	32
SPBP8B7.12c	5219	29	46
SPBP8B7.13	1454	103	1
SPBP8B7.15c	1072	2	2
SPBP8B7.21	5054	162	2
SPBP8B7.25	19415	2205	22
SPBP8B7.26	1477	128	2
SPBP8B7.27	1807	3	52
SPBP8B7.32	3584	55	112
SPBPB21E7.02c	9	0	2
SPBPB21E7.10	0	0	0
SPBPB2B2.07c	2	0	0
SPBPB2B2.14c	2	0	0
SPBPJ4664.01	1622	86	9
SPBPJ4664.03	243	0	59
SPBPJ4664.05	2172	153	12
SPBTRNAARG.05	1	0	2
SPBTRNALEU.05	0	0	1
SPBTRNALEU.06	0	0	0
SPBTRNALEU.07	0	0	0
SPBTRNALYS.07	0	0	0
SPBTRNALYS.08	0	0	0
SPBTRNALYS.09	1	0	1
SPBTRNAMET.05	3	0	15
SPBTRNASER.06	0	0	0
SPBTRNATYR.02	0	0	0
SPBTRNATYR.03	0	0	0
SPBTRNATYR.04	0	0	0
SPBTRNAVAL.05	0	0	0
SPBTRNAVAL.07	0	0	0
SPBTRNAVAL.08	0	0	0
SPCC1020.04c	7247	908	24
SPCC1020.06c	11696	495	6
SPCC1020.12c	831	60	21
SPCC1183.02	6300	640	38
SPCC1183.04c	2120	110	8
SPCC1183.12	61	1	1
SPCC1223.04c	784	30	10
SPCC1223.05c	10442	2097	33
SPCC1223.07c	10453	416	7
SPCC1223.08c	4135	177	2
SPCC1223.12c	374	6	51
SPCC1235.03	1777	95	8
SPCC1235.06	2116	163	7
SPCC1259.01c	44971	12814	53
SPCC1259.03	2157	338	19
SPCC1259.04	1721	236	12
SPCC1259.05c	2533	674	19
SPCC1259.06	0	0	0
SPCC1259.07	753	37	4
SPCC1259.16	270	0	0
SPCC126.04c	1878	195	7
SPCC126.09	2444	102	22
SPCC126.13c	564	0	6
SPCC126.14	516	44	6
SPCC126.15c	0	0	0
SPCC132.01c	2780	40	0
SPCC1322.08	1078	0	3
SPCC1322.11	20029	3801	164
SPCC1393.04	1321	41	26
SPCC1393.07c	400	13	1
SPCC1393.13	374	22	0
SPCC13B11.04c	856	2	67
SPCC1442.02	1063	46	16
SPCC1442.03	2017	71	10
SPCC1442.04c	5374	0	34
SPCC1442.09	7397	238	6
SPCC1442.19	1110	93	3
SPCC1450.04	55908	5417	25
SPCC1450.07c	1159	12	34
SPCC1450.09c	959	3	20
SPCC1450.10c	1833	111	2
SPCC1450.15	4191	218	32
SPCC1450.16c	2831	76	87
SPCC1494.01	1346	64	4
SPCC1494.04c	2738	173	18
SPCC1494.09c	412	27	7
SPCC1494.11c	2	0	22
SPCC14G10.01	1321	59	4
SPCC14G10.02	1474	24	0
SPCC14G10.03c	3350	401	7
SPCC162.07	8493	518	10
SPCC162.11c	1759	12	4
SPCC162.12	1710	62	25
SPCC1620.10	1645	65	1
SPCC1620.11	3532	64	2
SPCC1672.07	3491	65	3
SPCC1682.04	7178	496	55
SPCC1682.06	684	23	2
SPCC1682.07	2841	127	4
SPCC1682.10	8211	465	5
SPCC1682.16	8535	444	20
SPCC16A11.02	3429	73	3
SPCC16A11.03c	1681	49	31
SPCC16A11.12c	2260	34	1
SPCC16C4.03	1998	205	16
SPCC16C4.10	5918	193	22
SPCC16C4.11	705	67	19
SPCC16C4.12	2524	196	80
SPCC16C4.15	2881	133	5
SPCC16C4.18c	5503	197	15
SPCC16C4.22	604	84	52
SPCC1739.01	5157	66	0
SPCC1739.14	2538	59	0
SPCC1753.01c	5232	249	20
SPCC1795.03	3946	169	19
SPCC1795.05c	4276	279	41
SPCC1795.07	3349	212	21
SPCC18.04	1116	15	14
SPCC18.09c	3350	75	30
SPCC18.11c	3430	260	188
SPCC18.13	2700	126	11
SPCC18.14c	67478	4149	49
SPCC18.18c	5807	214	12
SPCC1827.03c	14451	47	19
SPCC1827.04	3007	40	9
SPCC1827.06c	25766	1860	19
SPCC1840.12	684	3	42
SPCC188.06c	5838	222	8
SPCC188.12	566	3	6
SPCC1906.01	23018	803	27
SPCC191.06	856	8	2
SPCC1919.08c	910	204	28
SPCC1919.13c	1811	129	36
SPCC23B6.02c	1518	252	29
SPCC24B10.03	535	63	13
SPCC24B10.05	3170	598	7
SPCC24B10.07	1702	34	3
SPCC24B10.09	42587	93	1976
SPCC24B10.15	956	13	3
SPCC24B10.19c	1906	43	2
SPCC285.11	1817	97	0
SPCC285.12	1881	350	17
SPCC285.15c	12799	10972	32
SPCC285.16c	2130	31	10
SPCC290.02	2351	165	51
SPCC290.03c	2603	67	6
SPCC290.04	2174	28	14
SPCC297.04c	1212	100	144
SPCC2H8.04	976	86	53
SPCC306.02c	6310	551	5
SPCC306.06c	3793	207	1
SPCC306.08c	6173	206	15
SPCC306.09c	4553	112	1
SPCC31H12.04c	7244	3157	28
SPCC320.06	2068	51	5
SPCC320.12	1491	100	4
SPCC330.02	1450	23	49
SPCC330.10	617	5	0
SPCC330.19c	209	16	16
SPCC338.04	976	104	12
SPCC338.07c	5964	288	6
SPCC338.08	1705	82	12
SPCC338.17c	2246	30	1
SPCC364.01	1537	76	15
SPCC417.03	50	0	30
SPCC4B3.01	2181	148	6
SPCC4B3.09c	5578	403	4
SPCC4B3.10c	1708	17	6
SPCC4B3.20	523	115	21
SPCC4F11.05	101	0	39
SPCC4G3.04c	4475	356	14
SPCC4G3.05c	799	21	37
SPCC548.05c	2314	497	8
SPCC550.01c	571	220	10
SPCC550.05	33426	103	4
SPCC550.11	6300	50	65
SPCC553.03	1880	24	18
SPCC553.04	1861	95	20
SPCC569.03	1200	38	128
SPCC569.09	513	42	16
SPCC576.02	1142	2	26
SPCC576.12c	4267	87	5
SPCC576.15c	1326	37	7
SPCC576.17c	642	11	19
SPCC584.04	11791	277	10
SPCC584.11c	2688	86	6
SPCC594.06c	704	38	3
SPCC594.07c	3517	150	7
SPCC5E4.06	2365	44	1
SPCC61.01c	54219	105	12
SPCC613.05c	40616	10393	46
SPCC622.10c	6076	40	9
SPCC622.11	819	38	5
SPCC622.19	0	0	0
SPCC63.08c	1143	17	0
SPCC63.10c	1371	32	3
SPCC645.02	510	46	12
SPCC645.03c	3595	309	13
SPCC645.07	2503	17	5
SPCC645.10	2572	62	29
SPCC645.13	2662	55	7
SPCC663.01c	6601	159	6
SPCC663.03	3025	11	6
SPCC663.04	26593	6809	4417
SPCC663.11	1436	8	2
SPCC663.14c	844	0	63
SPCC663.15c	3025	62	16
SPCC70.08c	2178	102	57
SPCC70.09c	225	25	2
SPCC736.07c	2059	26	17
SPCC736.08	4161	107	17
SPCC736.11	1521	14	85
SPCC736.14	2936	57	4
SPCC737.09c	2753	77	0
SPCC74.05	32653	6475	24
SPCC757.10	961	68	5
SPCC777.05	1402	88	11
SPCC777.06c	3718	223	31
SPCC777.09c	14132	838	12
SPCC777.12c	4404	415	24
SPCC777.14	1956	88	15
SPCC794.01c	288	3	17
SPCC794.08	2996	49	3
SPCC830.03	1608	42	0
SPCC830.05c	1963	61	15
SPCC830.09c	1530	115	103
SPCC830.11c	1909	187	6
SPCC962.01	3113	15	2
SPCC962.02c	1005	8	0
SPCC962.04	25469	2695	34
SPCC962.05	1130	41	13
SPCC962.06c	2943	139	0
SPCC965.04c	4387	98	17
SPCC965.12	1222	8	29
SPCC970.05	28400	9204	45
SPCC970.10c	4670	197	4
SPCP1E11.04c	4774	85	4
SPCP1E11.09c	10613	3173	25
SPCP20C8.03	446	0	38
SPCP31B10.08c	18370	4512	24
SPCPB16A4.06c	185	5	11
SPCPB16A4.07	523	0	1
SPCPB1C11.03	2186	0	1
SPCTRNALEU.12	0	0	0
SPCTRNALEU.13	0	0	0
SPCTRNALYS.11	0	0	0
SPCTRNALYS.12	0	0	1
SPCTRNASER.10	2	0	0
SPCTRNASER.13	0	0	0
SPCTRNAVAL.09	0	0	0
SPCTRNAVAL.10	0	0	0
SPCTRNAVAL.12	0	0	0
SPMIT.05	3	0	1
SPNCRNA.05	0	0	0
SPNCRNA.445	1071	834	234
SPNCRNA.56	663	47	2
SPNCRNA.57	0	0	0
SPSNRNA.06	0	4	2
